163,52
163,51
163,50
163,49
163,48
163,47
163,46
163,45
163,44
163,43
163,42
163,41
163,40
163,39
163,38
163,37
163,36
163,35
3,2
10,288
10,80
10,126
10,144
10,148
10,314
11,17
11,5
11,21
11,13
162,3
162,2
162,1
162,0
20,3
20,2
20,1
19,3
19,2
19,1
14,5
14,4
12,3
12,2
12,1
11,29
11,27
11,26
11,25
11,23
11,22
11,20
11,14
11,12
11,8
11,6
11,3
11,2
11,1
10,298
10,282
10,258
10,232
10,176
10,152
10,150
10,108
10,74
18,1
10,32
18,3
10,18
10,3
10,2
10,1
9,7
9,6
9,4
9,3
14,1
9,2
9,1
8,18
8,17
8,16
8,15
14,3
13,1
8,14
8,12
8,11
8,10
8,9
8,8
8,7
8,6
8,5
8,4
8,3
13,3
8,2
8,1
3,3
3,1
2,2
2,1
0,540
0,538
0,537
2,3
0,0
163,34
